<TICKER>;<PER>;<DATE>;<TIME>;<OPEN>;<HIGH>;<LOW>;<CLOSE>;<VOL>
USDTRY;60;20221206;010000;18.6240000;18.6980000;18.5991000;18.6270000;6735
USDTRY;60;20221206;020000;18.6317700;18.6451000;18.5936700;18.6204000;2239
USDTRY;60;20221206;030000;18.6192400;18.6413000;18.5942500;18.6230000;8243
USDTRY;60;20221206;040000;18.6214900;18.6600000;18.6075000;18.6257000;18945
USDTRY;60;20221206;050000;18.6390000;18.6411000;18.6075000;18.6323000;17549
USDTRY;60;20221206;060000;18.6249000;18.6348000;18.6119100;18.6263000;35423
USDTRY;60;20221206;070000;18.6146400;18.6439000;18.6122100;18.6259600;39924
USDTRY;60;20221206;080000;18.6257000;18.6395000;18.6114500;18.6282700;27385
USDTRY;60;20221206;090000;18.6304000;18.6358000;18.6119900;18.6274000;32857
USDTRY;60;20221206;100000;18.6268100;18.6380000;18.6068000;18.6343900;12203
USDTRY;60;20221206;110000;18.6348000;18.6424000;18.6210000;18.6360900;21834
USDTRY;60;20221206;120000;18.6384600;18.6410000;18.6268000;18.6369000;18283
USDTRY;60;20221206;130000;18.6370000;18.6390000;18.6270000;18.6380000;16788
USDTRY;60;20221206;140000;18.6375700;18.6392000;18.6273000;18.6365000;10324
USDTRY;60;20221206;190000;18.6362000;18.6451500;18.6268000;18.6337000;10086
USDTRY;60;20221206;200000;18.6335100;18.6363600;18.6092400;18.6321000;8290
USDTRY;60;20221206;210000;18.6320100;18.6362000;18.6173500;18.6308100;4628
USDTRY;60;20221206;220000;18.6293800;18.6350000;18.6100000;18.6242700;3493
USDTRY;60;20221206;230000;18.6245300;18.6363600;18.6176600;18.6288000;6568
USDTRY;60;20221207;000000;18.6237900;18.6320000;18.6157800;18.6257000;3046
USDTRY;60;20221207;010000;18.6259600;18.6468000;18.6036000;18.6248000;3583
USDTRY;60;20221207;020000;18.6169700;18.6509000;18.5878400;18.6276000;3171
USDTRY;60;20221207;030000;18.6152000;18.6330000;18.5940000;18.6151000;7047
USDTRY;60;20221207;040000;18.6218400;18.6330000;18.6059200;18.6202500;4250
USDTRY;60;20221207;050000;18.6231600;18.6340000;18.6059300;18.6229000;4433
USDTRY;60;20221207;060000;18.6273000;18.6330000;18.6080000;18.6243000;4562
USDTRY;60;20221207;070000;18.6231600;18.6330000;18.6080000;18.6198500;4692
USDTRY;60;20221207;080000;18.6178900;18.6320000;18.6069000;18.6253000;5176
USDTRY;60;20221207;090000;18.6231600;18.6330000;18.6061000;18.6247000;7131
USDTRY;60;20221207;100000;18.6080000;18.6380000;18.6080000;18.6314000;9455
USDTRY;60;20221207;180000;18.6338100;18.6413400;18.6100000;18.6393000;11579
USDTRY;60;20221207;190000;18.6392800;18.6469000;18.6278900;18.6416800;7789
USDTRY;60;20221207;200000;18.6411600;18.6450000;18.6145000;18.6363000;8224
USDTRY;60;20221207;210000;18.6358900;18.6401600;18.6160500;18.6324000;5268
USDTRY;60;20221207;220000;18.6268000;18.6399800;18.6159800;18.6353000;3502
USDTRY;60;20221207;230000;18.6363000;18.6408000;18.6205900;18.6298500;5296
USDTRY;60;20221208;000000;18.6310100;18.6377000;18.6208600;18.6322000;3611
USDTRY;60;20221208;010000;18.6209400;18.6806000;18.6120000;18.6260000;4778
USDTRY;60;20221208;020000;18.6354000;18.6632000;18.6011000;18.6379000;2187
USDTRY;60;20221208;030000;18.6347700;18.6578000;18.6072000;18.6338000;8595
USDTRY;60;20221208;040000;18.6224500;18.6606000;18.6043000;18.6245900;9401
USDTRY;60;20221208;050000;18.6253300;18.6484000;18.6045000;18.6283900;10675
USDTRY;60;20221208;060000;18.6275600;18.6438000;18.6112400;18.6333000;11140
USDTRY;60;20221208;070000;18.6301700;18.6442000;18.6060000;18.6359000;10914
USDTRY;60;20221208;080000;18.6366900;18.6436000;18.6130000;18.6285700;9077
USDTRY;60;20221208;090000;18.6288300;18.6406000;18.6131000;18.6364000;7845
USDTRY;60;20221208;100000;18.6306300;18.6400000;18.6135000;18.6311500;7707
USDTRY;60;20221208;110000;18.6273600;18.6860000;18.6029000;18.6436500;14221
USDTRY;60;20221208;120000;18.6439100;18.6539800;18.6335000;18.6458000;11993
USDTRY;60;20221208;130000;18.6474100;18.6500000;18.6330000;18.6424000;11499
USDTRY;60;20221208;140000;18.6431500;18.6461000;18.6330500;18.6428000;11619
USDTRY;60;20221208;150000;18.6430000;18.6455000;18.6310000;18.6418200;11421
USDTRY;60;20221208;160000;18.6359600;18.6440000;18.6202000;18.6397000;13678
USDTRY;60;20221208;170000;18.6347300;18.6456500;18.6231100;18.6366000;20616
USDTRY;60;20221208;180000;18.6384300;18.6436300;18.6100000;18.6389000;17556
USDTRY;60;20221208;190000;18.6391600;18.6428100;18.6228600;18.6329100;7782
USDTRY;60;20221208;200000;18.6240000;18.6450000;18.6186200;18.6394000;8249
USDTRY;60;20221208;210000;18.6373800;18.6451000;18.6160700;18.6301000;8643
USDTRY;60;20221208;220000;18.6299500;18.6476000;18.6159500;18.6329000;3954
USDTRY;60;20221208;230000;18.6303600;18.6554000;18.6195600;18.6301000;15136
USDTRY;60;20221209;000000;18.6303600;18.6433000;18.6173000;18.6356700;3553
USDTRY;60;20221209;010000;18.6307600;18.6429000;18.6078000;18.6084000;4484
USDTRY;60;20221209;020000;18.6243300;18.6523000;18.6077000;18.6379000;3464
USDTRY;60;20221209;030000;18.6438000;18.6610000;18.6094000;18.6414000;12092
USDTRY;60;20221209;040000;18.6292900;18.6905000;18.6156000;18.6378200;19480
USDTRY;60;20221209;050000;18.6363600;18.6880000;18.6152000;18.6382800;18248
USDTRY;60;20221209;060000;18.6361000;18.6880000;18.6160000;18.6397000;20272
USDTRY;60;20221209;070000;18.6378500;18.6532000;18.6094000;18.6382000;20861
USDTRY;60;20221209;080000;18.6363600;18.6496000;18.6180400;18.6380000;10282
USDTRY;60;20221209;090000;18.6380700;18.6410000;18.6160000;18.6377000;11056
USDTRY;60;20221209;100000;18.6300000;18.6420000;18.6223600;18.6375300;6319
USDTRY;60;20221209;110000;18.6384600;18.6885000;18.6234700;18.6450300;17956
USDTRY;60;20221209;120000;18.6433000;18.6488500;18.6363000;18.6469000;14605
USDTRY;60;20221209;150000;18.6396100;18.6467100;18.6335000;18.6397200;17175
USDTRY;60;20221209;160000;18.6415200;18.6452400;18.6208000;18.6380000;17435
USDTRY;60;20221209;170000;18.6433000;18.6525000;18.6106800;18.6418900;23676
USDTRY;60;20221209;190000;18.6337500;18.6440500;18.6100200;18.6371300;7957
USDTRY;60;20221210;010000;18.6365500;18.6542000;18.6097000;18.6503000;4095
USDTRY;60;20221210;020000;18.6257000;18.6257000;18.6253000;18.6257000;5
USDTRY;60;20221212;020000;18.6275000;18.6648000;18.5762000;18.6396100;8222
USDTRY;60;20221212;030000;18.6398700;18.6739000;18.6080100;18.6319600;7685
USDTRY;60;20221212;040000;18.6317000;18.6448000;18.6065100;18.6391000;11197
USDTRY;60;20221212;060000;18.6337000;18.6453000;18.6114400;18.6381000;11464
USDTRY;60;20221212;070000;18.6381000;18.6417000;18.6224900;18.6389000;6344
USDTRY;60;20221212;220000;18.6293800;18.6527000;18.5662000;18.6253000;6942
USDTRY;60;20221212;230000;18.6081000;18.6435900;18.6047600;18.6330000;4062
USDTRY;60;20221213;000000;18.6331000;18.6398000;18.5843600;18.6251000;6582
USDTRY;60;20221213;010000;18.6253000;18.6780000;18.6052500;18.6139800;4936
USDTRY;60;20221213;020000;18.6274800;18.6802000;18.5447000;18.5762000;5817
USDTRY;60;20221213;030000;18.6007200;18.6310000;18.5629300;18.6050000;5738
USDTRY;60;20221213;040000;18.5888000;18.6404000;18.5347000;18.5997000;10952
USDTRY;60;20221213;050000;18.6024000;18.6450000;18.5409000;18.6385000;10257
USDTRY;60;20221213;060000;18.6403000;18.6450000;18.6300000;18.6379000;5377
USDTRY;60;20221213;070000;18.6383600;18.6440000;18.6300000;18.6377000;6364
USDTRY;60;20221213;080000;18.6376000;18.6440000;18.6321400;18.6334000;5272
USDTRY;60;20221213;090000;18.6383600;18.6450000;18.6266800;18.6373000;5261
USDTRY;60;20221213;100000;18.6386000;18.6398900;18.6268300;18.6317000;6148
USDTRY;60;20221213;110000;18.6319600;18.6472600;18.5749100;18.6448000;13379
USDTRY;60;20221213;120000;18.6392300;18.6479600;18.6330000;18.6429200;8065
USDTRY;60;20221213;130000;18.6428400;18.6443500;18.6350000;18.6439100;1408
